X-values

      0.00000000
       1.6100000
       3.2225000
       4.8325000
       6.4450000
       8.0550000
       9.6675000
       11.277500
       12.887500
       14.500000
       16.110000
       17.722500
       19.332500
       20.942500
       22.555000
       24.165000
       25.777500
       27.387500
       28.997500
       30.610000
       32.220000
       33.832500
       35.442500
       37.052500
       38.665000
       40.275000
       41.887500
       43.497500
       45.107500
       46.720000
       48.330000
       49.942500
       51.552500
       53.165000
       54.775000
       56.385000
       57.997500
       59.607500
       61.220000
       62.830000
       64.440000
       66.052500
       67.662500
       69.275000
       70.885000
       72.495000
       74.107500
       75.717500
       77.330000
       78.940000
       80.550000
       82.162500
       83.772500
       85.385000
       86.995000
       88.607500
       90.217500
       91.827500
       93.440000
       95.050000
       96.662500
       98.272500
       99.882500
       101.49500
       103.10500
       104.71750
       106.32750
       107.93750
       109.55000
       111.16000
       112.77250
       114.38250
       115.99250
       117.60500
       119.21500
       120.82750
       122.43750
       124.04750
       125.66000
       127.27000
       128.88250
       130.49250
       132.10500
       133.71500
       135.32500
       136.93750
       138.54750
       140.16000
       141.77000
       143.38000
       144.99250
       146.60250
       148.21500
       149.82500
       151.43500
       153.04750
       154.65750
       156.27000
       157.88000
       159.49000
       161.10250
       162.71250
       164.32500
       165.93500
       167.54750
       169.15750
       170.76750
       172.38000
       173.99000
       175.60250
       177.21250
       178.82250
       180.43500
       182.04500
       183.65750
       185.26750
       186.87750
       188.49000
       190.10000
       191.71250
       193.32250
       194.93250
       196.54500
       198.15500
       199.76750
       201.37750
       202.98750
       204.60000
       206.21000
       207.82250
       209.43250
       211.04500
       212.65500
       214.26500
       215.87750
       217.48750
       219.10000
       220.71000
       222.32000
       223.93250
       225.54250
       227.15500
       228.76500
       230.37500
       231.98750
       233.59750
       235.21000
       236.82000
       238.43000
       240.04250
       241.65250
       243.26500
       244.87500
       246.48500
       248.09750
       249.70750
       251.32000
       252.93000
       254.54250
       256.15250
       257.76250
       259.37500
       260.98500
       262.59750
       264.20750
       265.81750
       267.43000
       269.04000
       270.65250
       272.26250
       273.87250
       275.48500
       277.09500
       278.70750
       280.31750
       281.92750
       283.54000
       285.15000
       286.76250
       288.37250
       289.98500
       291.59500
       293.20500
       294.81750
       296.42750
       298.04000
       299.65000
       301.26000
       302.87250
       304.48250
       306.09500
       307.70500
       309.31500
       310.92750
       312.53750
       314.15000
       315.76000
       317.37000
       318.98250
       320.59250
       322.20500
       323.81500
       325.42500
       327.03750
       328.64750
       330.26000
       331.87000
       333.48250
       335.09250
       336.70250
       338.31500
       339.92500
       341.53750
       343.14750
       344.75750
       346.37000
       347.98000
       349.59250
       351.20250
       352.81250
       354.42500
       356.03500
       357.64750
       359.25750
       360.86750
       362.48000
       364.09000
       365.70250
       367.31250
       368.92500
       370.53500
       372.14500
       373.75750
       375.36750
       376.98000
       378.59000
       380.20000
       381.81250
       383.42250
       385.03500
       386.64500
       388.25500
       389.86750
       391.47750
       393.09000
       394.70000
       396.31000
       397.92250
       399.53250
       401.14500
       402.75500
       404.36500
       405.97750
       407.58750
       409.20000
       410.81000
       412.42250
       414.03250
       415.64250
       417.25500
       418.86500
       420.47750
       422.08750
       423.69750

Y-values

   -0.0235631
    -0.122701
    -0.217529
     0.273850
   -0.0192528
    -0.355460
    -0.217529
     0.541092
     0.364368
    -0.144253
    0.0712643
     0.338506
     0.170402
    -0.247701
    -0.411494
     0.377299
    -0.118391
    -0.148563
    -0.131322
     0.782471
      6.07126
      12.4075
      18.6532
      38.4980
      40.5928
      30.8859
      21.2394
      12.5928
      7.29109
      4.37299
      3.53678
      2.41609
      2.94626
      3.19195
      5.24368
      6.92902
      6.52816
      5.97213
      7.72644
      7.23937
      5.43764
      5.41609
      5.58851
      4.45920
      4.12730
      3.80833
      4.53678
      3.81264
      4.37299
      5.49368
      3.95489
      4.77816
      5.24799
      4.97644
      4.29971
      4.11006
      4.95057
      4.05402
      4.32989
      5.19195
      4.05833
      3.99368
      5.06264
      4.19626
      3.76954
      4.70489
      4.06264
      4.28247
      4.63592
      3.70920
      4.08851
      4.61868
      3.78678
      3.72213
      4.25661
      3.81264
      3.89454
      4.56264
      3.68333
      3.51954
      4.22213
      3.29109
      3.86868
      3.65316
      3.99799
      3.65747
      3.49368
      3.95920
      3.16609
      2.98506
      3.92471
      3.66178
      3.04109
      3.29971
      3.60144
      3.35575
      2.99368
      4.32989
      3.05833
      3.56264
      2.98075
      3.51954
      3.17040
      2.86006
      3.95489
      3.12730
      2.96351
      3.15747
      3.60144
      3.02385
      2.79540
      3.67471
      2.87299
      2.67902
      3.32557
      2.85575
      3.06264
      2.69626
      3.86437
      2.82989
      2.26092
      2.74368
      3.36437
      2.62730
      2.75661
      3.57989
      2.75230
      2.72644
      3.33851
      2.69626
      2.85144
      3.14454
      2.93333
      2.54109
      2.57989
      3.02816
      2.56264
      2.38592
      3.29109
      2.72644
      2.59282
      2.50661
      3.30833
      2.62730
      2.69195
      2.47644
      2.99368
      2.42902
      2.45057
      3.25230
      2.71782
      2.43333
      2.42471
      2.43764
      2.81264
      2.66178
      2.39454
      3.22213
      2.38592
      2.39885
      2.35144
      3.47644
      2.07126
      2.47644
      2.37730
      3.14885
      2.65747
      2.15316
      1.92471
      3.15316
      2.46782
      2.10575
      2.39454
      2.87730
      2.66609
      2.15316
      3.03247
      2.42902
      2.29109
      2.79109
      2.17902
      2.15316
      1.91178
      2.75230
      2.22644
      2.29540
      2.16609
      2.52385
      2.03247
      1.93333
      2.84713
      2.07557
      2.54109
      2.35144
      2.21351
      2.05402
      2.87299
      2.19626
      2.38592
      2.03247
      2.75230
      2.29109
      2.23506
      2.54109
      2.26523
      2.14454
      1.93764
      2.22213
      1.89885
      1.73937
      2.94195
      1.88161
      1.82989
      2.71351
      1.96782
      2.10144
      2.70489
      1.99799
      2.07126
      2.16609
      2.45489
      1.76092
      2.14454
      2.78247
      2.17471
      1.79109
      2.93333
      2.11006
      1.91178
      2.63592
      2.03247
      2.03678
      2.65316
      2.01092
      1.61868
      1.89023
      2.87730
      2.06264
      1.92902
      2.66609
      2.24799
      2.23075
      1.78678
      2.33851
      2.26092
      1.68333
      2.70920
      2.14454
      2.00661
      2.50661
      1.90747
      1.78678
      2.54109
      1.99799
      1.99368
      1.61437
      2.30402
      2.01523
      2.10575
      2.21351
      1.95057
      1.85144
      2.47213
      2.21782
